A=[1 2 3 4 5 6;7 8 9 1 2 3; 4 5 6 7 8 9; 6 5 4 3 2 1; 3 4 5 6 7 8; 9 2 1 4 3 5]
B=A(:,3)
B=A(2,:)
B=A(1:3,:)
B=A(:,[2 4])
B=A(:,[2 2 2])
B=A([2 3],[1 2 3])
B=A(:)