A = [1 2 3; 4 5 6; 7 8 0]
B = A'
C = A + B