x = [-1 0 2]'
A = [1 2 3; 4 5 6; 7 8 0]
b=A*x