z=6:-1:1