A=[1 2 3; 4 5 6; 7 8 9]
A(3,3)=A(1,3)+A(3,1)