A = [1 2 3; 4 5 6; 7 8 9]
r = [10 11 12];
A = [A;r]