A = [1 2 3; 4 5 6; 7 8 9]
x = [-1.3 sqrt(3) (1+2+3)*4/5]
r = [10 11 12];
A = [A;r]
A = A(1:3,:);
A