x=0:10
y1=2*x
y2=3*x
bar([y1 y2])